[[  0.94963396  -4.91845294  13.70362582 ...  13.28753367  11.93227175
    4.30766956]
 [  2.33384878  16.90525346  -0.08630914 ...  -9.72900077  -1.78953213
    3.89476834]
 [-13.69821503   2.01018421   5.95107624 ... -18.48570659  -3.28204417
  -10.82528983]
 ...
 [ 12.19119871  15.2076068    4.97869327 ...  -7.85988868 -14.70348291
   18.36800524]
 [  9.6377763    1.28458837   2.72524031 ...   6.17755014  -9.19071732
   -1.89430193]
 [  9.25563153  -2.46846406   4.90023287 ...   4.83299866 -10.94183663
    4.16457686]]